500
20 16 6 30
20 38 7 28
12 74 18 7
15 22 13 7
7 87 16 13
24 107 17 7
12 71 9 25
8 102 12 11
9 55 8 19
6 38 19 17
24 99 17 8
31 94 10 21
21 83 19 16
20 81 18 11
32 70 5 21
12 71 20 17
17 19 17 30
8 37 14 29
19 74 13 27
28 70 7 15
22 55 12 24
31 65 5 20
10 61 11 28
13 67 13 5
9 67 19 10
12 18 14 5
26 61 6 22
36 17 5 11
13 45 18 15
4 109 11 9
28 32 14 23
22 21 14 11
17 35 9 8
26 49 7 23
5 65 18 26
9 32 9 29
27 70 9 9
6 82 13 25
18 21 19 5
19 73 15 14
8 98 12 12
8 19 14 9
21 47 6 30
25 94 5 8
14 18 20 23
18 69 18 5
14 77 13 17
19 53 16 12
32 68 9 17
13 37 20 19
19 82 12 17
18 47 7 12
13 47 7 26
8 85 11 23
8 86 14 9
11 18 8 18
7 79 5 30
16 73 7 19
22 93 15 16
22 23 11 7
18 18 17 21
11 18 10 10
10 70 16 14
30 87 9 13
22 54 13 22
35 36 6 26
25 32 18 9
22 44 18 20
10 17 8 12
8 19 14 30
31 52 6 10
28 47 5 6
10 49 7 27
31 103 6 16
23 65 10 8
10 105 6 16
28 66 9 14
8 56 5 5
9 44 15 23
20 19 13 12
23 23 14 13
27 18 9 15
21 88 14 19
15 35 16 8
6 22 19 8
9 81 8 20
13 35 20 17
11 26 19 18
33 76 9 14
13 93 17 22
18 47 14 19
24 37 14 17
4 32 8 19
19 19 12 6
24 19 11 19
26 24 14 25
9 104 16 16
21 97 16 12
22 37 18 13
20 49 20 16
10 94 12 11
7 99 8 10
12 54 6 13
32 71 10 15
29 91 7 16
6 47 9 26
15 54 6 10
15 29 16 18
13 35 13 6
22 92 11 28
17 99 11 6
13 71 18 26
15 43 10 28
8 16 14 6
29 44 8 24
17 27 7 13
11 89 7 25
21 81 10 14
6 60 15 10
30 73 12 12
14 33 11 27
10 50 13 23
15 38 16 27
9 25 10 25
29 48 13 12
4 103 7 17
7 70 9 20
20 57 18 22
14 75 8 27
6 114 9 7
20 95 5 6
20 85 20 19
32 44 10 27
31 27 8 8
25 32 9 17
31 72 12 14
10 85 11 26
12 45 11 26
18 66 16 28
13 55 13 12
22 30 15 23
23 26 12 14
9 69 15 5
26 17 16 8
19 29 16 10
20 87 14 30
28 22 12 5
5 96 10 12
13 56 18 24
21 85 18 30
27 87 12 12
24 24 18 24
31 90 11 30
8 40 5 30
6 47 17 22
11 28 8 19
14 75 9 17
6 61 10 17
25 58 11 9
4 99 9 8
11 82 12 25
10 77 19 17
14 30 10 15
26 26 16 9
13 61 6 24
31 74 9 29
10 24 16 18
7 57 8 9
22 23 6 6
5 19 14 13
18 93 9 7
8 64 16 10
18 94 14 6
4 97 14 19
25 109 17 11
35 31 5 12
10 60 12 17
20 112 7 9
34 48 9 22
16 75 19 18
8 16 11 10
24 111 16 8
12 33 17 5
18 68 14 12
7 81 15 19
22 76 19 9
4 34 19 13
4 54 5 15
17 23 7 9
23 27 19 5
27 86 14 26
24 55 14 18
14 56 8 26
4 16 7 22
17 80 8 15
21 51 12 8
7 51 10 20
19 47 5 20
26 106 15 12
9 45 6 9
5 46 20 13
29 71 5 29
4 53 12 25
14 22 8 12
21 33 11 14
33 60 6 24
15 100 17 21
10 80 16 8
14 76 6 13
5 76 9 30
24 35 14 22
20 76 11 22
21 67 15 6
18 54 11 17
21 30 5 11
18 37 12 7
20 50 10 11
25 67 7 5
30 25 7 8
19 68 8 27
33 90 7 14
24 68 7 28
32 34 10 14
5 34 7 21
10 27 15 13
32 91 6 13
26 36 6 27
12 60 12 21
20 101 17 8
22 28 10 19
24 71 18 7
5 90 14 8
13 28 8 21
16 28 5 20
11 65 6 9
24 41 10 15
15 52 17 24
31 109 6 7
9 88 18 30
17 24 16 20
10 81 9 5
34 71 8 28
18 67 18 22
36 97 6 5
17 105 16 12
13 86 14 14
10 78 8 24
16 91 7 19
9 25 12 25
21 28 17 10
20 88 17 23
11 84 18 14
15 33 7 17
7 85 11 17
20 38 19 26
36 17 7 30
20 60 14 28
7 114 14 7
21 34 19 14
18 75 9 25
8 90 15 16
11 49 8 24
6 50 16 8
17 97 19 5
16 57 20 17
19 68 11 6
7 79 8 28
9 103 8 12
28 64 9 12
21 72 16 16
32 43 7 26
19 26 9 20
33 43 5 16
26 19 12 6
5 30 18 18
16 80 12 26
32 101 10 9
11 44 19 30
22 17 7 25
24 50 10 23
36 43 7 8
17 104 10 16
21 73 5 8
18 37 6 22
25 49 14 22
12 22 5 24
23 23 15 6
21 75 14 9
15 58 13 6
19 66 8 14
8 48 7 20
14 60 20 30
8 32 11 19
18 49 18 18
6 20 10 18
15 81 16 7
8 36 19 13
22 86 14 20
17 49 9 8
21 27 8 14
21 18 12 7
6 62 5 30
25 73 18 7
7 57 7 13
4 62 17 9
13 59 16 12
15 89 17 13
17 100 12 6
16 101 9 5
17 60 16 26
23 58 20 29
16 63 7 12
8 33 10 26
33 95 9 16
5 34 5 10
17 38 17 18
14 29 11 20
4 22 7 11
25 32 11 13
16 94 11 7
18 75 16 11
9 35 16 8
9 38 9 18
28 32 10 8
24 40 5 26
33 31 10 6
11 44 8 30
5 50 17 19
24 31 7 7
19 21 13 7
20 30 7 23
24 57 9 20
9 71 19 27
18 21 9 27
19 97 6 6
14 43 17 24
17 37 7 12
14 82 17 16
20 70 7 14
6 18 9 18
23 62 14 27
7 95 5 24
5 70 9 6
20 30 14 17
16 30 12 28
12 45 12 30
5 90 14 10
8 78 7 18
10 91 19 21
6 89 19 5
32 110 6 7
28 59 10 19
25 31 6 26
24 56 7 17
24 19 7 15
25 42 18 19
33 79 6 24
21 62 12 23
13 84 16 17
32 98 6 20
5 52 20 5
7 49 10 8
30 26 6 15
21 41 12 27
7 55 18 20
23 26 9 25
6 23 16 18
17 32 5 27
17 62 13 9
8 39 7 10
8 73 12 22
6 69 9 20
23 74 16 30
25 72 12 10
12 65 17 16
16 96 19 15
14 39 16 18
36 114 7 6
5 61 16 24
18 80 16 15
24 82 12 19
34 74 8 22
10 36 15 30
13 48 14 5
27 98 6 22
8 48 6 27
13 25 17 29
17 79 19 7
27 93 7 22
23 40 14 15
15 81 19 17
24 96 9 21
12 73 17 18
11 42 10 26
24 28 12 7
14 65 7 10
10 20 11 26
30 72 5 12
13 65 10 24
26 53 10 5
4 58 11 23
23 80 5 8
14 23 5 19
17 102 20 14
9 88 14 30
23 42 16 22
29 18 5 18
18 19 15 23
21 24 16 8
5 29 20 7
25 36 10 12
14 80 18 22
29 45 9 11
27 97 10 7
14 52 12 14
16 22 7 22
11 43 8 14
6 57 14 13
9 79 19 30
23 57 8 22
8 77 12 25
12 28 16 25
20 58 8 28
5 107 16 12
22 69 9 26
22 31 17 14
12 70 5 28
9 53 13 18
34 88 8 27
14 84 5 15
16 103 15 5
13 92 16 24
22 77 12 24
26 54 17 24
9 69 8 15
17 22 11 21
14 53 10 14
32 68 10 21
15 28 6 13
29 28 10 20
31 23 8 8
25 94 13 9
30 81 11 5
24 26 14 14
26 68 10 23
11 72 11 17
19 50 19 16
26 100 16 21
7 31 15 19
20 29 17 28
25 68 7 21
20 68 10 12
4 36 17 22
16 46 5 6
16 98 20 15
18 68 5 8
12 85 8 5
35 63 5 15
20 67 9 24
29 43 12 30
28 102 8 14
17 36 8 11
7 50 8 21
20 103 11 10
22 79 10 12
32 43 10 30
25 43 15 7
7 28 6 19
21 84 20 19
16 20 18 5
4 45 14 14
21 45 13 24
17 80 5 16
18 73 11 9
4 86 6 19
32 96 10 19
29 67 14 15
15 55 15 27
17 27 19 26
5 49 12 6
15 66 14 16
11 18 18 25
15 94 9 7
9 31 5 23
8 24 17 11
20 43 20 28
36 81 7 24
30 38 10 20
19 31 20 27
8 89 10 5
20 51 18 25
15 86 9 30
6 28 9 26
34 38 9 15
16 72 19 21
11 19 20 17
21 93 11 14
17 31 20 14
4 76 10 18
16 53 20 24
